0000000000000000000000000000000000000000000000000000000000000000000000000000000000000000000000000000000000000000000000000000000000
0111111111111111111111111111111111111111111111111111111111100000000001111111111111111111111111111111111111111111111111111111111110
0111111111111111111111111111111111111111111111111111111111100000000001111111111111111111111111111111111111111111111111111111111110
0111111111111111111111111111111111111111111111111111111111100000000001111111111111111111111111111111111111111111111111111111111110
0111111111111111111111111111111111111111111111111111111111100000000001111111111111111111111111111111111111111111111111111111111110
0111111111111111111111111111111111111111111111111111111111100000000001111111111111111111111111111111111111111111111111111111111110
0111111111111111111111111111111111111111111111111111111111111111111111111111111111111111111111111111111111111111111111111111111110
0111111111111111111111111111111111111111111111111111111111111111111111111111111111111111111111111111111111111111111111111111111110
0111111111111111111111111111111111111111111111111111111111111111111111111111111111111111111111111111111111111111111111111111111110
0111111111111111111111111111111111111111111111111111111111111111111111111111111111111111111111111111111111111111111111111111111110
0111111111111111111111111111111111111111111111111111111111111111111111111111111111111111111111111111111111111111111111111111111110
0111111111111111111111111111111111111111111111111111111111111111111111111111111111111111111111111111111111111111111111111111111110
0111111111111111111111111111111111111111111111111111111111111111111111111111111111111111111111111111111111111111111111111111111110
0111111111111111111111111111111111111111111111111111111111111111111111111111111111111111111111111111111111111111111111111111111110
0111111111111111111111111111111111111111111111111111111111111111111111111111111111111111111111111111111111111111111111111111111110
0111111111111111111111111111111111111111111111111111111111111111111111111111111111111111111111111111111111111111111111111111111110
0111111111111111111111111111111111111111111111111111111111111111111111111111111111111111111111111111111111111111111111111111111110
0111111111111111111111111111111111111111111111111111111111111111111111111111111111111111111111111111111111111111111111111111111110
0111111111111111111111111111111111111111111111111111111111111111111111111111111111111111111111111111111111111111111111111111111110
0111111111111111111111111111111111111111111111111111111111111111111111111111111111111111111111111111111111111111111111111111111110
0111111111111111111111111111111111111111111111111111111111111111111111111111111111111111111111111111111111111111111111111111111110
0111111111111111111111111111111111111111111111111111111111111111111111111111111111111111111111111111111111111111111111111111111110
0111111111111111111111111111111111111111111111111111111111111111111111111111111111111111111111111111111111111111111111111111111110
0111111111111111111111111111111111111111111111111111111111111111111111111111111111111111111111111111111111111111111111111111111110
0111111111111111111111111111111111111111111111111111111111111111111111111111111111111111111111111111111111111111111111111111111110
0111111111111111111111111111111111111111111111111111111111111111111111111111111111111111111111111111111111111111111111111111111110
0111111111111111111111111111111111111111111111111111111111111111111111111111111111111111111111111111111111111111111111111111111110
0111111111111111111111111111111111111111111111111111111111111111111111111111111111111111111111111111111111111111111111111111111110
0111111111111111111111111111111111111111111111111111111111111111111111111111111111111111111111111111111111111111111111111111111110
0111111111111111111111111111111111111111111111111111111111111111111111111111111111111111111111111111111111111111111111111111111110
0111111111111111111111111111111111111111111111111111111111111111111111111111111111111111111111111111111111111111111111111111111110
0111111111111111111111111111111111111111111111111111111111111111111111111111111111111111111111111111111111111111111111111111111110
0111111111111111111111111111111111111111111111111111111111111111111111111111111111111111111111111111111111111111111111111111111110
0111111111111111111111111111111111111111111111111111111111111111111111111111111111111111111111111111111111111111111111111111111110
0111111111111111111111111111111111111111111111111111111111111111111111111111111111111111111111111111111111111111111111111111111110
0111111111111111111111111111111111111111111111111111111111111111111111111111111111111111111111111111111111111111111111111111111110
0111111111111111111111111111111111111111111111111111111111111111111111111111111111111111111111111111111111111111111111111111111110
0111111111111111111111111111111111111111111111111111111111111111111111111111111111111111111111111111111111111111111111111111111110
0111111111111111111111111111111111111111111111111111111111111111111111111111111111111111111111111111111111111111111111111111111110
0111111111111111111111111111111111111111111111111111111111111111111111111111111111111111111111111111111111111111111111111111111110
0111111111111111111111111111111111111111111111111111111111111111111111111111111111111111111111111111111111111111111111111111111110
0111111111111111111111111111111111111111111111111111111111111111111111111111111111111111111111111111111111111111111111111111111110
0111111111111111111111111111111111111111111111111111111111111111111111111111111111111111111111111111111111111111111111111111111110
0111111111111111111111111111111111111111111111111111111111111111111111111111111111111111111111111111111111111111111111111111111110
0111111111111111111111111111111111111111111111111111111111111111111111111111111111111111111111111111111111111111111111111111111110
0111111111111111111111111111111111111111111111111111111111111111111111111111111111111111111111111111111111111111111111111111111110
0111111111111111111111111111111111111111111111111111111111111111111111111111111111111111111111111111111111111111111111111111111110
0111111111111111111111111111111111111111111111111111111111111111111111111111111111111111111111111111111111111111111111111111111110
0111111111111111111111111111111111111111111111111111111111111111111111111111111111111111111111111111111111111111111111111111111110
0111111111111111111111111111111111111111111111111111111111111111111111111111111111111111111111111111111111111111111111111111111110
0111111111111111111111111111111111111111111111111111111111111111111111111111111111111111111111111111111111111111111111111111111110
0111111111111111111111111111111111111111111111111111111111111111111111111111111111111111111111111111111111111111111111111111111110
0111111111111111111111111111111111111111111111111111111111111111111111111111111111111111111111111111111111111111111111111111111110
0111111111111111111111111111111111111111111111111111111111111111111111111111111111111111111111111111111111111111111111111111111110
0111111111111111111111111111111111111111111111111111111111111111111111111111111111111111111111111111111111111111111111111111111110
0111111111111111111111111111111111111111111111111111111111111111111111111111111111111111111111111111111111111111111111111111111110
0111111111111111111111111111111111111111111111111111111111111111111111111111111111111111111111111111111111111111111111111111111110
0111111111111111111111111111111111111111111111111111111111111111111111111111111111111111111111111111111111111111111111111111111110
0111111111111111111111111111111111111111111111111111111111111111111111111111111111111111111111111111111111111111111111111111111110
0111111111111111111111111111111111111111111111111111111111111111111111111111111111111111111111111111111111111111111111111111111110
0111111111111111111111111111111111111111111111111111111111111111111111111111111111111111111111111111111111111111111111111111111110
0111111111111111111111111111111111111111111111111111111111111111111111111111111111111111111111111111111111111111111111111111111110
0111111111111111111111111111111111111111111111111111111111111111111111111111111111111111111111111111111111111111111111111111111110
0111111111111111111111111111111111111111111111111111111111111111111111111111111111111111111111111111111111111111111111111111111110
0111111111111111111111111111111111111111111111111111111111111111111111111111111111111111111111111111111111111111111111111111111110
0111111111111111111111111111111111111111111111111111111111111111111111111111111111111111111111111111111111111111111111111111111110
0111111111111111111111111111111111111111111111111111111111111111111111111111111111111111111111111111111111111111111111111111111110
0111111111111111111111111111111111111111111111111111111111111111111111111111111111111111111111111111111111111111111111111111111110
0111111111111111111111111111111111111111111111111111111111111111111111111111111111111111111111111111111111111111111111111111111110
0111111111111111111111111111111111111111111111111111111111111111111111111111111111111111111111111111111111111111111111111111111110
0111111111111111111111111111111111111111111111111111111111111111111111111111111111111111111111111111111111111111111111111111111110
0111111111111111111111111111111111111111111111111111111111111111111111111111111111111111111111111111111111111111111111111111111110
0111111111111111111111111111111111111111111111111111111111111111111111111111111111111111111111111111111111111111111111111111111110
0111111111111111111111111111111111111111111111111111111111111111111111111111111111111111111111111111111111111111111111111111111110
0111111111111111111111111111111111111111111111111111111111111111111111111111111111111111111111111111111111111111111111111111111110
0111111111111111111111111111111111111111111111111111111111111111111111111111111111111111111111111111111111111111111111111111111110
0111111111111111111111111111111111111111111111111111111111111111111111111111111111111111111111111111111111111111111111111111111110
0111111111111111111111111111111111111111111111111111111111111111111111111111111111111111111111111111111111111111111111111111111110
0111111111111111111111111111111111111111111111111111111111111111111111111111111111111111111111111111111111111111111111111111111110
0111111111111111111111111111111111111111111111111111111111111111111111111111111111111111111111111111111111111111111111111111111110
0111111111111111111111111111111111111111111111111111111111111111111111111111111111111111111111111111111111111111111111111111111110
0111111111111111111111111111111111111111111111111111111111111111111111111111111111111111111111111111111111111111111111111111111110
0111111111111111111111111111111111111111111111111111111111111111111111111111111111111111111111111111111111111111111111111111111110
0111111111111111111111111111111111111111111111111111111111111111111111111111111111111111111111111111111111111111111111111111111110
0111111111111111111111111111111111111111111111111111111111100000000001111111111111111111111111111111111111111111111111111111111110
0111111111111111111111111111111111111111111111111111111111100000000001111111111111111111111111111111111111111111111111111111111110
0111111111111111111111111111111111111111111111111111111111100000000001111111111111111111111111111111111111111111111111111111111110
0111111111111111111111111111111111111111111111111111111111100000000001111111111111111111111111111111111111111111111111111111111110
0111111111111111111111111111111111111111111111111111111111100000000001111111111111111111111111111111111111111111111111111111111110
0000000000000000000000000000000000000000000000000000000000000000000000000000000000000000000000000000000000000000000000000000000000
